+79226600716
+79677725231
+79619230874
+79619258195
+79228565629
+79038724596
+79600020007
+74992705750
+74956607040
+74992704427
+74999510085
+74992771982
+74992721025
+74992720327
+74999513350
+74996810035
+74956609749
+74959955264
+74959671626
+74957855544
+74957802246
+79670473512
+79060766382
+74957774182
+79035350914
+79654474526
+79686391712
+79055543374
+79684595279
+79057489640
+79661490764
+79686771063
+79685343653
+74956608201
+79057947170
+79672210153
+79060361427
+79057255492
+74957759232
+79686816355
+79060432584
+79680292876
+79032504359
+74957822324
+79057315301
+79060513329
+79035123204
+79671798533
+79637592516
+79651287277
+79036164303
+79651293176
+79037717421
+74995008152
+79687424013
+79651010156
+79037763006
